0.0651042  -0.210648  0  0  0  0
0.126302  -0.0509259  0  0  0  0
0.157552  0.108796  0  0  0  0
0.140625  0.416667  0  0  0  0
0.113281  0.643519  0  0  0  0
0.0820312  0.761574  0  0  0  0
0.0442708  0.814815  0  0  0  0
0.0299479  0.180556  0  0  0  0
-0.0208333  0.300926  0  0  0  0
-0.0690104  0.298611  0  0  0  0
-0.108073  0.233796  0  0  0  0
-0.125  0.175926  0  0  0  0
-0.144531  0.821759  0  0  0  0
-0.204427  0.706019  0  0  0  0
-0.234375  0.479167  0  0  0  0
-0.266927  0.293981  0  0  0  0
-0.251302  0.122685  0  0  0  0
-0.22526  -0.0115741  0  0  0  0
-0.205729  -0.12037  0  0  0  0
-0.160156  -0.201389  0  0  0  0
-0.122396  -0.236111  0  0  0  0
-0.0625  -0.134259  0  0  0  0
-0.0364583  -0.134259  0  0  0  0
0.0169271  -0.148148  0  0  0  0
0.0364583  -0.206019  0  0  0  0
0.0507812  -0.226852  0  0  0  0
0.0651042  -0.210648  0  0  0  0