-0.0273438  0.513889  0  0  0  0
-0.0442708  0.363426  0  0  0  0
-0.0664062  0.150463  0  0  0  0
-0.0846354  0.00694444  0  0  0  0
-0.230469  -0.113426  0  0  0  0
-0.266927  -0.138889  0  0  0  0
-0.257812  0.138889  0  0  0  0
-0.255208  0.331019  0  0  0  0
-0.278646  0.337963  0  0  0  0
-0.30599  0.217593  0  0  0  0
-0.328594  -0.0486111  0  0  0  0
-0.300781  -0.180556  0  0  0  0
-0.300781  -0.24537  0  0  0  0
-0.165365  -0.226852  0  0  0  0
-0.0989583  -0.238426  0  0  0  0
-0.0846354  -0.344907  0  0  0  0
-0.0585938  -0.342593  0  0  0  0
-0.0377604  -0.25463  0  0  0  0
0  -0.240741  0  0  0  0
0.0507812  -0.25  0  0  0  0
0.0559896  -0.344907  0  0  0  0
0.0898438  -0.356481  0  0  0  0
0.111979  -0.266204  0  0  0  0
0.182292  -0.252315  0  0  0  0
0.334635  -0.280093  0  0  0  0
0.332031  -0.173611  0  0  0  0
0.348958  0.0277778  0  0  0  0
0.347656  0.252315  0  0  0  0
0.342448  0.37963  0  0  0  0
0.294271  0.4375  0  0  0  0
0.283854  0.256944  0  0  0  0
0.292969  0.0138889  0  0  0  0
0.286458  -0.0810185  0  0  0  0
0.234375  -0.0972222  0  0  0  0
0.147135  0.0208333  0  0  0  0
0.111979  0.157407  0  0  0  0
0.0807292  0.381944  0  0  0  0
0.0611979  0.548611  0  0  0  0
0.0260417  0.634259  0  0  0  0
-0.0273438  0.513889  0  0  0  0
