0.0455729 -0.147454 0 0.9 0 0
0.0884114 -0.0356481 0 0.9 0 0
0.110286 0.0761572 0 0.9 0 0
0.0984375 0.291667 0 0.9 0 0
0.0792967 0.450463 0 0.9 0 0
0.0574218 0.533002 0 0.9 0 0
0.0309896 0.57037 0 0.9 0 0
0.0209635 0.126389 0 0.9 0 0
-0.0145833 0.210648 0 0.9 0 0
-0.0483073 0.209028 0 0.9 0 0
-0.0756511 0.163657 0 0.9 0 0
-0.0875 0.123148 0 0.9 0 0
-0.101172 0.575231 0 0.9 0 0
-0.143099 0.494213 0 0.9 0 0
-0.164063 0.335417 0 0.9 0 0
-0.186849 0.205787 0 0.9 0 0
-0.175911 0.0858889 0 0.9 0 0
-0.157682 -0.00810187 0 0.9 0 0
-0.143015 -0.084259 0 0.9 0 0
-0.112109 -0.140972 0 0.9 0 0
-0.0856771 -0.165278 0 0.9 0 0
-0.04375 -0.0939813 0 0.9 0 0
-0.0255208 -0.0939813 0 0.9 0 0
0.011849 0.0939813 0 0.9 0 0
0.0255208 -0.144213 0 0.9 0 0
0.0355468 -0.158796 0 0.9 0 0
0.0455729 -0.147454 0 0.9 0 0