-0.0221354  0.333333  0  0  0  0
-0.0533854  0.00231481  0  0  0  0
-0.125  -0.00694444  0  0  0  0
-0.151042  0.31713  0  0  0  0
-0.164062  0.490741  0  0  0  0
-0.186198  0.592593  0  0  0  0
-0.223958  0.486111  0  0  0  0
-0.239583  0.324074  0  0  0  0
-0.220052  0.0810185  0  0  0  0
-0.227865  -0.125  0  0  0  0
-0.216146  -0.217593  0  0  0  0
-0.122396  -0.159722  0  0  0  0
-0.0182292  -0.143519  0  0  0  0
0.0481771  -0.136574  0  0  0  0
0.0976562  -0.166667  0  0  0  0
0.154948  -0.203704  0  0  0  0
0.173177  -0.145833  0  0  0  0
0.166667  0.0902778  0  0  0  0
0.164062  0.310185  0  0  0  0
0.154948  0.502315  0  0  0  0
0.141927  0.581019  0  0  0  0
0.10026  0.62963  0  0  0  0
0.0794271  0.449074  0  0  0  0
0.0820312  0.217593  0  0  0  0
0.0833333  0.0439815  0  0  0  0
0.0820312  -0.00231481  0  0  0  0
0.0403646  0.00694444  0  0  0  0
-0.0221354  0.333333  0  0  0  0
